#include <iostream>
#include <cstring>

using namespace std;

int main()
{
    setlocale(LC_ALL, "rus");

    int dream[1760] =
    {
    0,2,0,0,0,2,0,0,0,2,2,0,0,0,0,2,0,2,0,0,0,2,0,0,2,0,0,0,0,0,0,0,0,0,0,0,0,0,0,10,
    0,0,2,0,2,0,0,0,2,0,0,2,0,0,0,2,0,2,0,0,0,0,2,0,2,0,0,0,0,0,0,0,0,0,0,0,0,0,0,10,
    0,0,0,2,0,0,0,0,2,0,0,2,0,0,0,2,2,2,0,0,0,0,0,2,2,0,0,0,0,0,0,0,0,0,0,0,0,0,0,10,
    0,0,2,0,2,0,0,0,2,0,0,2,0,0,0,0,0,2,0,0,0,0,0,0,2,0,0,0,0,0,0,0,0,0,0,0,0,0,0,10,
    0,2,0,0,0,2,0,0,0,2,2,0,0,0,0,0,0,2,0,0,0,0,0,0,2,0,0,0,0,0,0,0,0,0,0,0,0,0,0,10,
    0,0,0,0,0,0,0,0,0,0,0,0,0,0,0,0,0,0,0,0,0,0,0,0,0,0,0,0,0,0,0,0,0,0,0,0,0,0,0,10,
    0,0,0,2,2,2,0,0,0,2,2,0,0,0,2,0,0,2,0,0,2,2,2,0,2,0,0,0,2,0,2,2,2,2,2,0,2,0,0,10,
    0,0,0,0,0,2,0,0,2,0,0,2,0,0,2,0,2,0,0,0,2,0,2,0,2,0,0,0,2,0,0,0,2,0,0,0,2,0,0,10,
    0,0,0,2,2,2,0,0,2,2,2,2,0,0,2,2,0,0,0,0,2,2,2,0,2,2,2,0,2,0,0,0,2,0,0,0,2,2,2,10,
    0,0,0,0,0,2,0,0,2,0,0,2,0,0,2,0,2,0,0,0,2,0,0,0,2,0,2,0,2,0,0,0,2,0,0,0,2,0,2,10,
    0,0,0,2,2,2,0,0,2,0,0,2,0,0,2,0,0,2,0,0,2,0,0,0,2,2,2,0,2,0,0,0,2,0,0,0,2,2,2,10,
    0,0,0,0,0,0,0,0,0,0,0,0,0,0,0,0,0,0,0,0,0,0,0,0,0,0,0,0,0,0,0,0,0,0,0,0,0,0,0,10,
    0,0,0,0,0,0,0,0,0,0,0,0,0,0,0,0,0,0,0,0,0,0,0,0,0,0,0,0,0,0,0,0,0,0,0,0,0,0,0,10,
    2,2,2,2,2,0,2,2,2,2,2,0,2,2,2,2,2,0,2,2,2,2,2,0,2,0,0,0,0,0,2,0,2,0,0,2,2,2,2,10,
    2,0,0,0,0,0,2,0,0,0,0,0,2,0,0,0,0,0,2,0,0,0,0,0,2,0,0,0,0,2,2,0,2,0,0,2,0,0,2,10,
    2,0,0,0,0,0,2,0,0,0,0,0,2,0,0,0,0,0,2,0,0,0,0,0,2,0,0,0,2,0,2,0,2,0,0,2,0,0,2,10,
    2,0,0,0,0,0,2,2,2,2,2,0,2,0,0,0,0,0,2,0,0,0,0,0,2,0,0,2,0,0,2,0,2,2,2,2,0,0,2,10,
    2,0,0,0,0,0,2,0,0,0,0,0,2,0,0,0,0,0,2,0,0,0,0,0,2,0,2,0,0,0,2,0,2,0,0,2,0,0,2,10,
    2,0,0,0,0,0,2,0,0,0,0,0,2,0,0,0,0,0,2,0,0,0,0,0,2,2,0,0,0,0,2,0,2,0,0,2,0,0,2,10,
    2,2,2,2,2,0,2,2,2,2,2,0,2,2,2,2,2,0,2,2,2,2,2,0,2,0,0,0,0,0,2,0,2,0,0,2,2,2,2,10,
    0,0,0,0,0,0,0,0,0,0,0,0,0,0,0,0,0,0,0,0,0,0,0,0,0,0,0,0,0,0,0,0,0,0,0,0,0,0,0,10,
    0,0,0,0,0,0,0,0,0,0,0,0,0,0,0,0,0,0,0,0,0,0,0,0,0,0,0,0,0,0,0,0,0,0,0,0,0,0,0,10,
    0,0,0,0,0,0,0,0,0,0,0,0,0,0,0,0,0,0,0,0,0,0,0,0,0,0,0,0,0,0,0,0,0,0,0,0,0,0,0,10,
    0,0,0,0,0,0,0,0,0,0,0,0,0,0,0,0,0,0,0,0,0,0,0,0,0,0,0,0,0,0,0,0,0,0,0,0,0,0,0,10,
    0,0,0,0,0,0,0,0,0,0,0,0,0,0,0,0,0,0,0,0,0,0,0,0,0,0,0,0,0,0,0,0,0,0,0,0,0,0,0,10,
    0,0,0,0,0,0,0,0,0,0,0,0,0,0,0,0,0,0,0,0,0,0,0,0,0,0,0,0,0,0,0,0,0,0,0,0,0,0,0,10,
    0,0,0,0,0,0,0,0,0,0,0,0,0,0,0,0,0,0,0,0,0,0,0,0,0,0,0,0,0,0,0,0,0,0,0,0,0,0,0,10,
    0,0,0,0,0,0,0,0,0,0,0,0,0,0,0,0,0,0,0,0,0,0,0,0,0,0,0,0,0,0,0,0,0,0,0,0,0,0,0,10,
    0,0,0,0,0,0,0,0,0,0,0,0,0,0,0,0,0,0,0,0,0,0,0,0,0,0,0,0,0,0,0,0,0,0,0,0,0,0,0,10,
    0,0,0,0,0,0,0,0,0,0,0,0,0,0,0,0,0,0,0,0,0,0,0,0,0,0,0,0,0,0,0,0,0,0,0,0,0,0,0,10,
    0,0,0,0,0,0,0,0,0,0,0,0,0,0,0,0,0,0,0,0,0,0,0,0,0,0,0,0,0,0,0,0,0,0,0,0,0,0,0,10,
    0,0,0,0,0,0,0,0,0,0,0,0,0,0,0,0,0,0,0,0,0,0,0,0,0,0,0,0,0,0,0,0,0,0,0,0,0,0,0,10,
    0,0,0,0,0,0,0,0,0,0,0,0,0,0,0,0,0,0,0,0,0,0,0,0,0,0,0,0,0,0,0,0,0,0,0,0,0,0,0,10,
    0,0,0,0,0,0,0,0,0,0,0,0,0,0,0,0,0,0,0,0,0,0,0,0,0,0,0,0,0,0,0,0,0,0,0,0,0,0,0,10,
    0,0,0,0,0,0,0,0,0,0,0,0,0,0,0,0,0,0,0,0,0,0,0,0,0,0,0,0,0,0,0,0,0,0,0,0,0,0,0,10,
    0,0,0,0,0,0,0,0,0,0,0,0,0,0,0,0,0,0,0,0,0,0,0,0,0,0,0,0,0,0,0,0,0,0,0,0,0,0,0,10,
    0,0,0,0,0,0,0,0,0,0,0,0,0,0,0,0,0,0,0,0,0,0,0,0,0,0,0,0,0,0,0,0,0,0,0,0,0,0,0,10,
    0,0,0,0,0,0,0,0,0,0,0,0,0,0,0,0,0,0,0,0,0,0,0,0,0,0,0,0,0,0,0,0,0,0,0,0,0,0,0,10
    };

    int chet = 0;
    for (int i = 0; i < 1760; i++)
    {
        if (i == chet)
        {
            cout << "\t\t    "; chet += 40;
        }
        if (dream[i] == 0)
            cout << char(dream[i]);
        else
            for (int k = 0; k <= 8888888; k++)
                if (k == 8888888)
                    cout << char(dream[i]);
    }



    cout << "\n\n\n";
    system("PAUSE");
    return 0;

}
